# oST version 5.0 parameters


[image]

width
640

height
480

[narrow_stereo]

camera matrix
353.939474 0.000000 313.280662
0.000000 353.169928 225.264003
0.000000 0.000000 1.000000

distortion
-0.271345 0.060000 -0.000446 -0.000109 0.000000

rectification
1.000000 0.000000 0.000000
0.000000 1.000000 0.000000
0.000000 0.000000 1.000000

projection
256.089233 0.000000 309.118667 0.000000
0.000000 299.638275 218.854947 0.000000
0.000000 0.000000 1.000000 0.000000
